Threshold: 0.7060722112661619
Equal_Error_Rate: 0.02888888888794986
