Threshold: 0.6950411796569824
Equal_Error_Rate: 0.03852500000000001
