Threshold: 0.6539858579635621
Equal_Error_Rate: 0.08066666666666611
