VCTK: 0.6898464560511425
CMU: 0.7060722112661619
LibriSpeech: 0.6950411796569824
LibriTTS: 0.6539858579635621
Voxceleb: 0.6925544738765349
