Threshold: 0.6898464560511425
Equal_Error_Rate: 0.05441743119164799
