Threshold: 0.6925544738765349
Equal_Error_Rate: 0.0566581196587443
