test: 0.6898464560511425
test: 0.6539858579635621
